[19, 18, 18, 17, 17, 16, 16, 15, 15, 14, 14, 13, 13, 12, 11, 10, 9, 9, 9, 10, 10, 10, 9, 9, 8, 7, 7, 7]
[6, 6, 5, 5, 4, 4, 3, 3, 2, 2, 1, 1, 0, 0, 0, 0, 0, 1, 2, 2, 3, 4, 4, 5, 5, 5, 4, 3]
[19, 19, 17, 16, 19, 19, 15, 14, 19, 19, 13, 12, 6, 11, 6]
[5, 4, 6, 6, 3, 2, 6, 6, 1, 0, 6, 6, 2, 5, 0]
[8, 7, 7, 7, 8, 9, 9, 10, 10, 10, 9, 9, 9, 10, 11, 8, 12, 11, 13, 12, 13, 14, 12, 14, 15, 13, 14, 15, 8, 12, 15, 13, 16, 16, 14, 15, 16, 7, 16, 12, 17, 13, 14, 17, 17, 15, 16, 17, 17, 12, 13, 18, 18, 14, 15, 18, 18, 16, 17, 18, 18, 7, 6, 18]
[3, 3, 4, 5, 5, 5, 4, 4, 3, 2, 2, 1, 0, 0, 0, 1, 0, 1, 0, 1, 1, 0, 2, 1, 0, 2, 2, 1, 0, 3, 2, 3, 0, 1, 3, 3, 2, 1, 3, 4, 0, 4, 4, 1, 2, 4, 4, 3, 4, 5, 5, 0, 1, 5, 5, 2, 3, 5, 5, 4, 5, 0, 1, 6]
[1, 1, 1, 1, 1, 1, 1, 1, 1, 1, 1, 1, 1, 1, 1, 1, 1, 1, 1, 1]
[1, 1, 1, 1, 1, 1, 1, 1, 1, 1, -1, 1, 1, 1, 1, 1, 1, 1, 1, 1]
[1, 1, 1, 1, 1, 1, 1, -1, -1, 1, 1, -1, 1, 1, 1, 1, 1, 1, 1, 1]
[1, 1, 1, 1, 1, 1, -1, 1, -2, -1, 1, -1, 1, 1, 1, 1, 1, 1, 1, 1]
[1, 1, 1, 1, 1, 1, -1, 1, -1, 1, 1, -1, 1, 1, 1, 1, 1, 1, 1, 1]
[1, 1, 1, 1, 1, 1, -1, 1, 1, 1, -1, 1, 1, 1, 1, 1, 1, 1, 1, 1]
[1, 1, 1, 1, 1, 1, 1, -1, -1, -1, 1, 1, 1, 1, 1, 1, 1, 1, 1, -3]
