[17, 17, 16, 15, 15, 14, 13, 12, 11, 10, 9, 8, 8, 8, 9, 10]
[3, 2, 2, 2, 1, 1, 1, 1, 1, 1, 1, 1, 2, 3, 3, 3]
[17, 16, 17, 17, 15, 13, 13, 6, 7, 7, 14, 14, 15, 15, 6, 6, 16, 16, 18, 7]
[4, 3, 5, 1, 3, 0, 6, 3, 1, 5, 0, 6, 0, 6, 2, 4, 6, 0, 2, 6]
[11, 12, 13, 10, 9, 8, 8, 8, 7, 8, 8, 9, 9, 10, 10, 11, 11, 12, 12, 13, 13, 14, 14, 15, 15, 7, 7, 15, 16, 16, 15, 16, 16, 8, 8, 9, 9, 10, 10, 11, 11, 12, 12, 17]
[3, 3, 3, 3, 3, 3, 2, 4, 3, 5, 1, 5, 1, 5, 1, 5, 1, 5, 1, 5, 1, 5, 1, 5, 1, 4, 2, 2, 1, 5, 4, 4, 2, 0, 6, 0, 6, 0, 6, 0, 6, 0, 6, 2]
[1, 1, 1, 1, 1, 1, 1, 1, 1, 1, 1, 1, 1, 1, 1, 1, 1, 1, 1, 1]
[1, 1, 1, 1, 1, 1, 1, 1, 1, 1, 1, 1, 1, 1, 1, 1, 1, 1, 1, 1]
[1, 1, 1, 1, 1, 1, 1, 1, 1, -1, -1, -1, -1, -1, -1, 1, 1, 1, 1, 1]
[1, 1, 1, 1, 1, 1, 1, 1, 1, 1, 1, -2, 1, 1, -1, 1, 1, -3, 1, 1]
[1, 1, 1, 1, 1, 1, 1, 1, 1, -1, -1, -1, -1, -1, -1, 1, 1, 1, 1, 1]
[1, 1, 1, 1, 1, 1, 1, 1, 1, 1, 1, 1, 1, 1, 1, 1, 1, 1, 1, 1]
[1, 1, 1, 1, 1, 1, 1, 1, 1, 1, 1, 1, 1, 1, 1, 1, 1, 1, 1, 1]
